T = 10;
J = 0.0101;
M = 0.0320;
K = 4000;

beta1 = 2; beta2 = 2;
alpha1 = 10; alpha2 = 10;
Kp1 = 100; Kd1 =20;