wc = 20;
wt = 20;
